{
 "cells": [
  {
   "cell_type": "markdown",
   "metadata": {},
   "source": [
    "# Mean Reversion -  (Pairs Trading)\n",
    "- Long Pair: Long stock A and short stock B\n",
    "- Short Pair: Short stock A and long stock B\n",
    "- You want to find a high correlation between stock A and B's price (usually > 0.8) --  in this case let's say 0.9. If you find a relationship suggesting that the prices move in opposite directions, you can capitalize on this behavior. ONCE the assets deviate from their typical correlation, say 0.5, you can long/short the pair since you expect the correlation to converge back to its original form.\n",
    "- Sort of becomes an art when you try to maximize the spread between the assets"
   ]
  },
  {
   "cell_type": "markdown",
   "metadata": {},
   "source": [
    "![image info](SP.png)"
   ]
  },
  {
   "cell_type": "markdown",
   "metadata": {},
   "source": [
    "# Basic Idea\n",
    "- 1) Find 2 assets that move similarly with eachother (whether it be a negative or positive correlation)\n",
    "- 2) Sell the 'overvalued' stock and buy the 'undervalued' stock\n",
    "-- A common signal to use to triger the purchase of a pair trade is to use the Price Ratio (Stock A / Stock B). If the ratio changes significantly, then you know it is time to trade. 'Significance' can be measured with standard deviation."
   ]
  },
  {
   "cell_type": "markdown",
   "metadata": {},
   "source": [
    "# (Link in the descriptions)\n",
    "![image info](Monte_Pic.PNG)"
   ]
  },
  {
   "cell_type": "code",
   "execution_count": 1,
   "metadata": {},
   "outputs": [
    {
     "name": "stdout",
     "output_type": "stream",
     "text": [
      "[*********************100%***********************]  1 of 1 completed\n",
      "[*********************100%***********************]  1 of 1 completed\n",
      "[*********************100%***********************]  1 of 1 completed\n",
      "[*********************100%***********************]  1 of 1 completed\n",
      "[*********************100%***********************]  1 of 1 completed\n",
      "[*********************100%***********************]  1 of 1 completed\n",
      "[*********************100%***********************]  1 of 1 completed\n",
      "[*********************100%***********************]  1 of 1 completed\n",
      "[*********************100%***********************]  1 of 1 completed\n",
      "[*********************100%***********************]  1 of 1 completed\n",
      "[*********************100%***********************]  1 of 1 completed\n",
      "[*********************100%***********************]  1 of 1 completed\n",
      "[*********************100%***********************]  1 of 1 completed\n",
      "[*********************100%***********************]  1 of 1 completed\n",
      "[*********************100%***********************]  1 of 1 completed\n",
      "[*********************100%***********************]  1 of 1 completed\n",
      "[*********************100%***********************]  1 of 1 completed\n",
      "(252, 17)\n"
     ]
    },
    {
     "data": {
      "text/html": [
       "<div>\n",
       "<style scoped>\n",
       "    .dataframe tbody tr th:only-of-type {\n",
       "        vertical-align: middle;\n",
       "    }\n",
       "\n",
       "    .dataframe tbody tr th {\n",
       "        vertical-align: top;\n",
       "    }\n",
       "\n",
       "    .dataframe thead th {\n",
       "        text-align: right;\n",
       "    }\n",
       "</style>\n",
       "<table border=\"1\" class=\"dataframe\">\n",
       "  <thead>\n",
       "    <tr style=\"text-align: right;\">\n",
       "      <th></th>\n",
       "      <th>DPZ</th>\n",
       "      <th>AAPL</th>\n",
       "      <th>GOOG</th>\n",
       "      <th>AMD</th>\n",
       "      <th>GME</th>\n",
       "      <th>SPY</th>\n",
       "      <th>NFLX</th>\n",
       "      <th>BA</th>\n",
       "      <th>WMT</th>\n",
       "      <th>TWTR</th>\n",
       "      <th>GS</th>\n",
       "      <th>XOM</th>\n",
       "      <th>NKE</th>\n",
       "      <th>FEYE</th>\n",
       "      <th>FB</th>\n",
       "      <th>BRK-B</th>\n",
       "      <th>MSFT</th>\n",
       "    </tr>\n",
       "    <tr>\n",
       "      <th>Date</th>\n",
       "      <th></th>\n",
       "      <th></th>\n",
       "      <th></th>\n",
       "      <th></th>\n",
       "      <th></th>\n",
       "      <th></th>\n",
       "      <th></th>\n",
       "      <th></th>\n",
       "      <th></th>\n",
       "      <th></th>\n",
       "      <th></th>\n",
       "      <th></th>\n",
       "      <th></th>\n",
       "      <th></th>\n",
       "      <th></th>\n",
       "      <th></th>\n",
       "      <th></th>\n",
       "    </tr>\n",
       "  </thead>\n",
       "  <tbody>\n",
       "    <tr>\n",
       "      <th>2021-10-20</th>\n",
       "      <td>458.579987</td>\n",
       "      <td>149.259995</td>\n",
       "      <td>2848.300049</td>\n",
       "      <td>116.389999</td>\n",
       "      <td>184.520004</td>\n",
       "      <td>452.410004</td>\n",
       "      <td>625.140015</td>\n",
       "      <td>216.169998</td>\n",
       "      <td>146.000000</td>\n",
       "      <td>65.800003</td>\n",
       "      <td>407.890015</td>\n",
       "      <td>63.849998</td>\n",
       "      <td>158.449997</td>\n",
       "      <td>18.120001</td>\n",
       "      <td>340.779999</td>\n",
       "      <td>287.489990</td>\n",
       "      <td>307.410004</td>\n",
       "    </tr>\n",
       "    <tr>\n",
       "      <th>2021-10-21</th>\n",
       "      <td>467.959991</td>\n",
       "      <td>149.479996</td>\n",
       "      <td>2855.610107</td>\n",
       "      <td>119.330002</td>\n",
       "      <td>181.710007</td>\n",
       "      <td>453.589996</td>\n",
       "      <td>653.159973</td>\n",
       "      <td>214.339996</td>\n",
       "      <td>146.809998</td>\n",
       "      <td>65.400002</td>\n",
       "      <td>407.589996</td>\n",
       "      <td>62.689999</td>\n",
       "      <td>162.179993</td>\n",
       "      <td>17.990000</td>\n",
       "      <td>341.880005</td>\n",
       "      <td>286.820007</td>\n",
       "      <td>310.760010</td>\n",
       "    </tr>\n",
       "    <tr>\n",
       "      <th>2021-10-22</th>\n",
       "      <td>464.329987</td>\n",
       "      <td>148.690002</td>\n",
       "      <td>2772.500000</td>\n",
       "      <td>119.820000</td>\n",
       "      <td>169.800003</td>\n",
       "      <td>453.119995</td>\n",
       "      <td>664.780029</td>\n",
       "      <td>212.970001</td>\n",
       "      <td>148.339996</td>\n",
       "      <td>62.240002</td>\n",
       "      <td>414.320007</td>\n",
       "      <td>63.119999</td>\n",
       "      <td>163.479996</td>\n",
       "      <td>17.860001</td>\n",
       "      <td>324.609985</td>\n",
       "      <td>289.239990</td>\n",
       "      <td>309.160004</td>\n",
       "    </tr>\n",
       "    <tr>\n",
       "      <th>2021-10-25</th>\n",
       "      <td>466.239990</td>\n",
       "      <td>148.639999</td>\n",
       "      <td>2775.459961</td>\n",
       "      <td>122.360001</td>\n",
       "      <td>173.970001</td>\n",
       "      <td>455.549988</td>\n",
       "      <td>671.659973</td>\n",
       "      <td>212.869995</td>\n",
       "      <td>150.059998</td>\n",
       "      <td>62.110001</td>\n",
       "      <td>414.750000</td>\n",
       "      <td>64.349998</td>\n",
       "      <td>164.220001</td>\n",
       "      <td>17.790001</td>\n",
       "      <td>328.690002</td>\n",
       "      <td>290.260010</td>\n",
       "      <td>308.130005</td>\n",
       "    </tr>\n",
       "    <tr>\n",
       "      <th>2021-10-26</th>\n",
       "      <td>465.779999</td>\n",
       "      <td>149.320007</td>\n",
       "      <td>2793.439941</td>\n",
       "      <td>122.930000</td>\n",
       "      <td>177.839996</td>\n",
       "      <td>455.959991</td>\n",
       "      <td>668.520020</td>\n",
       "      <td>209.809998</td>\n",
       "      <td>148.750000</td>\n",
       "      <td>61.430000</td>\n",
       "      <td>417.609985</td>\n",
       "      <td>65.839996</td>\n",
       "      <td>163.789993</td>\n",
       "      <td>17.600000</td>\n",
       "      <td>315.809998</td>\n",
       "      <td>290.850006</td>\n",
       "      <td>310.109985</td>\n",
       "    </tr>\n",
       "  </tbody>\n",
       "</table>\n",
       "</div>"
      ],
      "text/plain": [
       "                   DPZ        AAPL         GOOG         AMD         GME  \\\n",
       "Date                                                                      \n",
       "2021-10-20  458.579987  149.259995  2848.300049  116.389999  184.520004   \n",
       "2021-10-21  467.959991  149.479996  2855.610107  119.330002  181.710007   \n",
       "2021-10-22  464.329987  148.690002  2772.500000  119.820000  169.800003   \n",
       "2021-10-25  466.239990  148.639999  2775.459961  122.360001  173.970001   \n",
       "2021-10-26  465.779999  149.320007  2793.439941  122.930000  177.839996   \n",
       "\n",
       "                   SPY        NFLX          BA         WMT       TWTR  \\\n",
       "Date                                                                    \n",
       "2021-10-20  452.410004  625.140015  216.169998  146.000000  65.800003   \n",
       "2021-10-21  453.589996  653.159973  214.339996  146.809998  65.400002   \n",
       "2021-10-22  453.119995  664.780029  212.970001  148.339996  62.240002   \n",
       "2021-10-25  455.549988  671.659973  212.869995  150.059998  62.110001   \n",
       "2021-10-26  455.959991  668.520020  209.809998  148.750000  61.430000   \n",
       "\n",
       "                    GS        XOM         NKE       FEYE          FB  \\\n",
       "Date                                                                   \n",
       "2021-10-20  407.890015  63.849998  158.449997  18.120001  340.779999   \n",
       "2021-10-21  407.589996  62.689999  162.179993  17.990000  341.880005   \n",
       "2021-10-22  414.320007  63.119999  163.479996  17.860001  324.609985   \n",
       "2021-10-25  414.750000  64.349998  164.220001  17.790001  328.690002   \n",
       "2021-10-26  417.609985  65.839996  163.789993  17.600000  315.809998   \n",
       "\n",
       "                 BRK-B        MSFT  \n",
       "Date                                \n",
       "2021-10-20  287.489990  307.410004  \n",
       "2021-10-21  286.820007  310.760010  \n",
       "2021-10-22  289.239990  309.160004  \n",
       "2021-10-25  290.260010  308.130005  \n",
       "2021-10-26  290.850006  310.109985  "
      ]
     },
     "execution_count": 1,
     "metadata": {},
     "output_type": "execute_result"
    }
   ],
   "source": [
    "# Getting Data from 6 years back\n",
    "# I will use the most recent 1 year to determine how well I would have done if I follow the efficient frontier.\n",
    "# The market is open 252 times in a given year.\n",
    "# I will get the adjusted close as my main data.\n",
    "\n",
    "'''========================================================================= UPDATE 10/27/2021 ================================\n",
    "MAKE SURE pandas == 1.2 version.\n",
    "Yahoo has changed their structure when it comes to querying data. I have made the adjustments to this entire notebook.\n",
    "========================================================================= UPDATE 10/27/2021  ==================================\n",
    "'''\n",
    "import pandas as pd\n",
    "import pandas_datareader as pdr\n",
    "from datetime import datetime\n",
    "import yfinance as yf\n",
    "\n",
    "def get_historical_Data(tickers):\n",
    "    \"\"\"This function returns a pd dataframe with all of the adjusted closing information\"\"\"\n",
    "    data = pd.DataFrame()\n",
    "    names = list()\n",
    "    for i in tickers:\n",
    "        data = pd.concat([data, pd.DataFrame(yf.download(i, start=datetime(2020, 10, 27), end=datetime(2021, 10, 27)).iloc[:,4])], axis = 1)\n",
    "        names.append(i)\n",
    "    data.columns = names\n",
    "    return data\n",
    "\n",
    "ticks = [\"DPZ\", \"AAPL\", \"GOOG\", \"AMD\", \"GME\", \"SPY\", \"NFLX\", \"BA\", \"WMT\",\"TWTR\",\"GS\",\"XOM\",\"NKE\",\"FEYE\", \"FB\",\"BRK-B\", \"MSFT\"] #Name of company (Dominos pizza)\n",
    "d = get_historical_Data(ticks)\n",
    "print(d.shape)\n",
    "# Most Recent Data\n",
    "d.tail()"
   ]
  },
  {
   "cell_type": "code",
   "execution_count": 2,
   "metadata": {},
   "outputs": [
    {
     "data": {
      "text/html": [
       "<div>\n",
       "<style scoped>\n",
       "    .dataframe tbody tr th:only-of-type {\n",
       "        vertical-align: middle;\n",
       "    }\n",
       "\n",
       "    .dataframe tbody tr th {\n",
       "        vertical-align: top;\n",
       "    }\n",
       "\n",
       "    .dataframe thead th {\n",
       "        text-align: right;\n",
       "    }\n",
       "</style>\n",
       "<table border=\"1\" class=\"dataframe\">\n",
       "  <thead>\n",
       "    <tr style=\"text-align: right;\">\n",
       "      <th></th>\n",
       "      <th>DPZ</th>\n",
       "      <th>AAPL</th>\n",
       "      <th>GOOG</th>\n",
       "      <th>AMD</th>\n",
       "      <th>GME</th>\n",
       "      <th>SPY</th>\n",
       "      <th>NFLX</th>\n",
       "      <th>BA</th>\n",
       "      <th>WMT</th>\n",
       "      <th>TWTR</th>\n",
       "      <th>GS</th>\n",
       "      <th>XOM</th>\n",
       "      <th>NKE</th>\n",
       "      <th>FEYE</th>\n",
       "      <th>FB</th>\n",
       "      <th>BRK-B</th>\n",
       "      <th>MSFT</th>\n",
       "    </tr>\n",
       "  </thead>\n",
       "  <tbody>\n",
       "    <tr>\n",
       "      <th>DPZ</th>\n",
       "      <td>1.000000</td>\n",
       "      <td>0.818148</td>\n",
       "      <td>0.874797</td>\n",
       "      <td>0.665388</td>\n",
       "      <td>0.469130</td>\n",
       "      <td>0.834557</td>\n",
       "      <td>0.372663</td>\n",
       "      <td>0.080836</td>\n",
       "      <td>0.407599</td>\n",
       "      <td>0.336258</td>\n",
       "      <td>0.724772</td>\n",
       "      <td>0.497005</td>\n",
       "      <td>0.812071</td>\n",
       "      <td>-0.048929</td>\n",
       "      <td>0.938272</td>\n",
       "      <td>0.715105</td>\n",
       "      <td>0.872942</td>\n",
       "    </tr>\n",
       "    <tr>\n",
       "      <th>AAPL</th>\n",
       "      <td>0.818148</td>\n",
       "      <td>1.000000</td>\n",
       "      <td>0.817185</td>\n",
       "      <td>0.788684</td>\n",
       "      <td>0.430274</td>\n",
       "      <td>0.832325</td>\n",
       "      <td>0.659198</td>\n",
       "      <td>0.095350</td>\n",
       "      <td>0.373090</td>\n",
       "      <td>0.490575</td>\n",
       "      <td>0.729216</td>\n",
       "      <td>0.498231</td>\n",
       "      <td>0.862453</td>\n",
       "      <td>0.203223</td>\n",
       "      <td>0.761094</td>\n",
       "      <td>0.608197</td>\n",
       "      <td>0.886737</td>\n",
       "    </tr>\n",
       "    <tr>\n",
       "      <th>GOOG</th>\n",
       "      <td>0.874797</td>\n",
       "      <td>0.817185</td>\n",
       "      <td>1.000000</td>\n",
       "      <td>0.572945</td>\n",
       "      <td>0.717871</td>\n",
       "      <td>0.978253</td>\n",
       "      <td>0.542024</td>\n",
       "      <td>0.332867</td>\n",
       "      <td>0.120376</td>\n",
       "      <td>0.604391</td>\n",
       "      <td>0.933673</td>\n",
       "      <td>0.794650</td>\n",
       "      <td>0.729426</td>\n",
       "      <td>0.108041</td>\n",
       "      <td>0.919678</td>\n",
       "      <td>0.901955</td>\n",
       "      <td>0.974893</td>\n",
       "    </tr>\n",
       "    <tr>\n",
       "      <th>AMD</th>\n",
       "      <td>0.665388</td>\n",
       "      <td>0.788684</td>\n",
       "      <td>0.572945</td>\n",
       "      <td>1.000000</td>\n",
       "      <td>0.076881</td>\n",
       "      <td>0.555607</td>\n",
       "      <td>0.697511</td>\n",
       "      <td>-0.128145</td>\n",
       "      <td>0.555587</td>\n",
       "      <td>0.219452</td>\n",
       "      <td>0.447324</td>\n",
       "      <td>0.182714</td>\n",
       "      <td>0.814614</td>\n",
       "      <td>-0.162385</td>\n",
       "      <td>0.522507</td>\n",
       "      <td>0.288319</td>\n",
       "      <td>0.681377</td>\n",
       "    </tr>\n",
       "    <tr>\n",
       "      <th>GME</th>\n",
       "      <td>0.469130</td>\n",
       "      <td>0.430274</td>\n",
       "      <td>0.717871</td>\n",
       "      <td>0.076881</td>\n",
       "      <td>1.000000</td>\n",
       "      <td>0.737520</td>\n",
       "      <td>0.240664</td>\n",
       "      <td>0.562551</td>\n",
       "      <td>-0.303935</td>\n",
       "      <td>0.553100</td>\n",
       "      <td>0.803210</td>\n",
       "      <td>0.823951</td>\n",
       "      <td>0.303382</td>\n",
       "      <td>0.341443</td>\n",
       "      <td>0.631324</td>\n",
       "      <td>0.800656</td>\n",
       "      <td>0.647865</td>\n",
       "    </tr>\n",
       "    <tr>\n",
       "      <th>SPY</th>\n",
       "      <td>0.834557</td>\n",
       "      <td>0.832325</td>\n",
       "      <td>0.978253</td>\n",
       "      <td>0.555607</td>\n",
       "      <td>0.737520</td>\n",
       "      <td>1.000000</td>\n",
       "      <td>0.532301</td>\n",
       "      <td>0.442483</td>\n",
       "      <td>0.118445</td>\n",
       "      <td>0.630425</td>\n",
       "      <td>0.964367</td>\n",
       "      <td>0.844584</td>\n",
       "      <td>0.731238</td>\n",
       "      <td>0.238913</td>\n",
       "      <td>0.887417</td>\n",
       "      <td>0.932636</td>\n",
       "      <td>0.955292</td>\n",
       "    </tr>\n",
       "    <tr>\n",
       "      <th>NFLX</th>\n",
       "      <td>0.372663</td>\n",
       "      <td>0.659198</td>\n",
       "      <td>0.542024</td>\n",
       "      <td>0.697511</td>\n",
       "      <td>0.240664</td>\n",
       "      <td>0.532301</td>\n",
       "      <td>1.000000</td>\n",
       "      <td>-0.031222</td>\n",
       "      <td>0.105738</td>\n",
       "      <td>0.386304</td>\n",
       "      <td>0.480084</td>\n",
       "      <td>0.369577</td>\n",
       "      <td>0.502257</td>\n",
       "      <td>0.009833</td>\n",
       "      <td>0.347908</td>\n",
       "      <td>0.301593</td>\n",
       "      <td>0.651469</td>\n",
       "    </tr>\n",
       "    <tr>\n",
       "      <th>BA</th>\n",
       "      <td>0.080836</td>\n",
       "      <td>0.095350</td>\n",
       "      <td>0.332867</td>\n",
       "      <td>-0.128145</td>\n",
       "      <td>0.562551</td>\n",
       "      <td>0.442483</td>\n",
       "      <td>-0.031222</td>\n",
       "      <td>1.000000</td>\n",
       "      <td>-0.313237</td>\n",
       "      <td>0.534617</td>\n",
       "      <td>0.510482</td>\n",
       "      <td>0.671750</td>\n",
       "      <td>0.079400</td>\n",
       "      <td>0.404913</td>\n",
       "      <td>0.260697</td>\n",
       "      <td>0.568068</td>\n",
       "      <td>0.229572</td>\n",
       "    </tr>\n",
       "    <tr>\n",
       "      <th>WMT</th>\n",
       "      <td>0.407599</td>\n",
       "      <td>0.373090</td>\n",
       "      <td>0.120376</td>\n",
       "      <td>0.555587</td>\n",
       "      <td>-0.303935</td>\n",
       "      <td>0.118445</td>\n",
       "      <td>0.105738</td>\n",
       "      <td>-0.313237</td>\n",
       "      <td>1.000000</td>\n",
       "      <td>-0.395426</td>\n",
       "      <td>-0.044592</td>\n",
       "      <td>-0.326004</td>\n",
       "      <td>0.399258</td>\n",
       "      <td>-0.317427</td>\n",
       "      <td>0.280621</td>\n",
       "      <td>-0.007303</td>\n",
       "      <td>0.187105</td>\n",
       "    </tr>\n",
       "    <tr>\n",
       "      <th>TWTR</th>\n",
       "      <td>0.336258</td>\n",
       "      <td>0.490575</td>\n",
       "      <td>0.604391</td>\n",
       "      <td>0.219452</td>\n",
       "      <td>0.553100</td>\n",
       "      <td>0.630425</td>\n",
       "      <td>0.386304</td>\n",
       "      <td>0.534617</td>\n",
       "      <td>-0.395426</td>\n",
       "      <td>1.000000</td>\n",
       "      <td>0.666863</td>\n",
       "      <td>0.704388</td>\n",
       "      <td>0.464564</td>\n",
       "      <td>0.370150</td>\n",
       "      <td>0.439769</td>\n",
       "      <td>0.564449</td>\n",
       "      <td>0.600565</td>\n",
       "    </tr>\n",
       "    <tr>\n",
       "      <th>GS</th>\n",
       "      <td>0.724772</td>\n",
       "      <td>0.729216</td>\n",
       "      <td>0.933673</td>\n",
       "      <td>0.447324</td>\n",
       "      <td>0.803210</td>\n",
       "      <td>0.964367</td>\n",
       "      <td>0.480084</td>\n",
       "      <td>0.510482</td>\n",
       "      <td>-0.044592</td>\n",
       "      <td>0.666863</td>\n",
       "      <td>1.000000</td>\n",
       "      <td>0.914136</td>\n",
       "      <td>0.654955</td>\n",
       "      <td>0.326886</td>\n",
       "      <td>0.797057</td>\n",
       "      <td>0.943553</td>\n",
       "      <td>0.886291</td>\n",
       "    </tr>\n",
       "    <tr>\n",
       "      <th>XOM</th>\n",
       "      <td>0.497005</td>\n",
       "      <td>0.498231</td>\n",
       "      <td>0.794650</td>\n",
       "      <td>0.182714</td>\n",
       "      <td>0.823951</td>\n",
       "      <td>0.844584</td>\n",
       "      <td>0.369577</td>\n",
       "      <td>0.671750</td>\n",
       "      <td>-0.326004</td>\n",
       "      <td>0.704388</td>\n",
       "      <td>0.914136</td>\n",
       "      <td>1.000000</td>\n",
       "      <td>0.409913</td>\n",
       "      <td>0.417822</td>\n",
       "      <td>0.610823</td>\n",
       "      <td>0.902656</td>\n",
       "      <td>0.713838</td>\n",
       "    </tr>\n",
       "    <tr>\n",
       "      <th>NKE</th>\n",
       "      <td>0.812071</td>\n",
       "      <td>0.862453</td>\n",
       "      <td>0.729426</td>\n",
       "      <td>0.814614</td>\n",
       "      <td>0.303382</td>\n",
       "      <td>0.731238</td>\n",
       "      <td>0.502257</td>\n",
       "      <td>0.079400</td>\n",
       "      <td>0.399258</td>\n",
       "      <td>0.464564</td>\n",
       "      <td>0.654955</td>\n",
       "      <td>0.409913</td>\n",
       "      <td>1.000000</td>\n",
       "      <td>0.047780</td>\n",
       "      <td>0.713133</td>\n",
       "      <td>0.526100</td>\n",
       "      <td>0.791593</td>\n",
       "    </tr>\n",
       "    <tr>\n",
       "      <th>FEYE</th>\n",
       "      <td>-0.048929</td>\n",
       "      <td>0.203223</td>\n",
       "      <td>0.108041</td>\n",
       "      <td>-0.162385</td>\n",
       "      <td>0.341443</td>\n",
       "      <td>0.238913</td>\n",
       "      <td>0.009833</td>\n",
       "      <td>0.404913</td>\n",
       "      <td>-0.317427</td>\n",
       "      <td>0.370150</td>\n",
       "      <td>0.326886</td>\n",
       "      <td>0.417822</td>\n",
       "      <td>0.047780</td>\n",
       "      <td>1.000000</td>\n",
       "      <td>-0.005788</td>\n",
       "      <td>0.262074</td>\n",
       "      <td>0.081185</td>\n",
       "    </tr>\n",
       "    <tr>\n",
       "      <th>FB</th>\n",
       "      <td>0.938272</td>\n",
       "      <td>0.761094</td>\n",
       "      <td>0.919678</td>\n",
       "      <td>0.522507</td>\n",
       "      <td>0.631324</td>\n",
       "      <td>0.887417</td>\n",
       "      <td>0.347908</td>\n",
       "      <td>0.260697</td>\n",
       "      <td>0.280621</td>\n",
       "      <td>0.439769</td>\n",
       "      <td>0.797057</td>\n",
       "      <td>0.610823</td>\n",
       "      <td>0.713133</td>\n",
       "      <td>-0.005788</td>\n",
       "      <td>1.000000</td>\n",
       "      <td>0.814722</td>\n",
       "      <td>0.886250</td>\n",
       "    </tr>\n",
       "    <tr>\n",
       "      <th>BRK-B</th>\n",
       "      <td>0.715105</td>\n",
       "      <td>0.608197</td>\n",
       "      <td>0.901955</td>\n",
       "      <td>0.288319</td>\n",
       "      <td>0.800656</td>\n",
       "      <td>0.932636</td>\n",
       "      <td>0.301593</td>\n",
       "      <td>0.568068</td>\n",
       "      <td>-0.007303</td>\n",
       "      <td>0.564449</td>\n",
       "      <td>0.943553</td>\n",
       "      <td>0.902656</td>\n",
       "      <td>0.526100</td>\n",
       "      <td>0.262074</td>\n",
       "      <td>0.814722</td>\n",
       "      <td>1.000000</td>\n",
       "      <td>0.819854</td>\n",
       "    </tr>\n",
       "    <tr>\n",
       "      <th>MSFT</th>\n",
       "      <td>0.872942</td>\n",
       "      <td>0.886737</td>\n",
       "      <td>0.974893</td>\n",
       "      <td>0.681377</td>\n",
       "      <td>0.647865</td>\n",
       "      <td>0.955292</td>\n",
       "      <td>0.651469</td>\n",
       "      <td>0.229572</td>\n",
       "      <td>0.187105</td>\n",
       "      <td>0.600565</td>\n",
       "      <td>0.886291</td>\n",
       "      <td>0.713838</td>\n",
       "      <td>0.791593</td>\n",
       "      <td>0.081185</td>\n",
       "      <td>0.886250</td>\n",
       "      <td>0.819854</td>\n",
       "      <td>1.000000</td>\n",
       "    </tr>\n",
       "  </tbody>\n",
       "</table>\n",
       "</div>"
      ],
      "text/plain": [
       "            DPZ      AAPL      GOOG       AMD       GME       SPY      NFLX  \\\n",
       "DPZ    1.000000  0.818148  0.874797  0.665388  0.469130  0.834557  0.372663   \n",
       "AAPL   0.818148  1.000000  0.817185  0.788684  0.430274  0.832325  0.659198   \n",
       "GOOG   0.874797  0.817185  1.000000  0.572945  0.717871  0.978253  0.542024   \n",
       "AMD    0.665388  0.788684  0.572945  1.000000  0.076881  0.555607  0.697511   \n",
       "GME    0.469130  0.430274  0.717871  0.076881  1.000000  0.737520  0.240664   \n",
       "SPY    0.834557  0.832325  0.978253  0.555607  0.737520  1.000000  0.532301   \n",
       "NFLX   0.372663  0.659198  0.542024  0.697511  0.240664  0.532301  1.000000   \n",
       "BA     0.080836  0.095350  0.332867 -0.128145  0.562551  0.442483 -0.031222   \n",
       "WMT    0.407599  0.373090  0.120376  0.555587 -0.303935  0.118445  0.105738   \n",
       "TWTR   0.336258  0.490575  0.604391  0.219452  0.553100  0.630425  0.386304   \n",
       "GS     0.724772  0.729216  0.933673  0.447324  0.803210  0.964367  0.480084   \n",
       "XOM    0.497005  0.498231  0.794650  0.182714  0.823951  0.844584  0.369577   \n",
       "NKE    0.812071  0.862453  0.729426  0.814614  0.303382  0.731238  0.502257   \n",
       "FEYE  -0.048929  0.203223  0.108041 -0.162385  0.341443  0.238913  0.009833   \n",
       "FB     0.938272  0.761094  0.919678  0.522507  0.631324  0.887417  0.347908   \n",
       "BRK-B  0.715105  0.608197  0.901955  0.288319  0.800656  0.932636  0.301593   \n",
       "MSFT   0.872942  0.886737  0.974893  0.681377  0.647865  0.955292  0.651469   \n",
       "\n",
       "             BA       WMT      TWTR        GS       XOM       NKE      FEYE  \\\n",
       "DPZ    0.080836  0.407599  0.336258  0.724772  0.497005  0.812071 -0.048929   \n",
       "AAPL   0.095350  0.373090  0.490575  0.729216  0.498231  0.862453  0.203223   \n",
       "GOOG   0.332867  0.120376  0.604391  0.933673  0.794650  0.729426  0.108041   \n",
       "AMD   -0.128145  0.555587  0.219452  0.447324  0.182714  0.814614 -0.162385   \n",
       "GME    0.562551 -0.303935  0.553100  0.803210  0.823951  0.303382  0.341443   \n",
       "SPY    0.442483  0.118445  0.630425  0.964367  0.844584  0.731238  0.238913   \n",
       "NFLX  -0.031222  0.105738  0.386304  0.480084  0.369577  0.502257  0.009833   \n",
       "BA     1.000000 -0.313237  0.534617  0.510482  0.671750  0.079400  0.404913   \n",
       "WMT   -0.313237  1.000000 -0.395426 -0.044592 -0.326004  0.399258 -0.317427   \n",
       "TWTR   0.534617 -0.395426  1.000000  0.666863  0.704388  0.464564  0.370150   \n",
       "GS     0.510482 -0.044592  0.666863  1.000000  0.914136  0.654955  0.326886   \n",
       "XOM    0.671750 -0.326004  0.704388  0.914136  1.000000  0.409913  0.417822   \n",
       "NKE    0.079400  0.399258  0.464564  0.654955  0.409913  1.000000  0.047780   \n",
       "FEYE   0.404913 -0.317427  0.370150  0.326886  0.417822  0.047780  1.000000   \n",
       "FB     0.260697  0.280621  0.439769  0.797057  0.610823  0.713133 -0.005788   \n",
       "BRK-B  0.568068 -0.007303  0.564449  0.943553  0.902656  0.526100  0.262074   \n",
       "MSFT   0.229572  0.187105  0.600565  0.886291  0.713838  0.791593  0.081185   \n",
       "\n",
       "             FB     BRK-B      MSFT  \n",
       "DPZ    0.938272  0.715105  0.872942  \n",
       "AAPL   0.761094  0.608197  0.886737  \n",
       "GOOG   0.919678  0.901955  0.974893  \n",
       "AMD    0.522507  0.288319  0.681377  \n",
       "GME    0.631324  0.800656  0.647865  \n",
       "SPY    0.887417  0.932636  0.955292  \n",
       "NFLX   0.347908  0.301593  0.651469  \n",
       "BA     0.260697  0.568068  0.229572  \n",
       "WMT    0.280621 -0.007303  0.187105  \n",
       "TWTR   0.439769  0.564449  0.600565  \n",
       "GS     0.797057  0.943553  0.886291  \n",
       "XOM    0.610823  0.902656  0.713838  \n",
       "NKE    0.713133  0.526100  0.791593  \n",
       "FEYE  -0.005788  0.262074  0.081185  \n",
       "FB     1.000000  0.814722  0.886250  \n",
       "BRK-B  0.814722  1.000000  0.819854  \n",
       "MSFT   0.886250  0.819854  1.000000  "
      ]
     },
     "execution_count": 2,
     "metadata": {},
     "output_type": "execute_result"
    }
   ],
   "source": [
    "corr_matrix = d.corr()\n",
    "corr_matrix"
   ]
  },
  {
   "cell_type": "code",
   "execution_count": 3,
   "metadata": {},
   "outputs": [
    {
     "data": {
      "text/plain": [
       "<AxesSubplot:>"
      ]
     },
     "execution_count": 3,
     "metadata": {},
     "output_type": "execute_result"
    },
    {
     "data": {
