{
 "cells": [
  {
   "cell_type": "markdown",
   "metadata": {},
   "source": [
    "# Mean Reversion -  (Pairs Trading)\n",
    "- Long Pair: Long stock A and short stock B\n",
    "- Short Pair: Short stock A and long stock B\n",
    "- You want to find a high correlation between stock A and B's price (usually > 0.8) --  in this case let's say 0.9. If you find a relationship suggesting that the prices move in opposite directions, you can capitalize on this behavior. ONCE the assets deviate from their typical correlation, say 0.5, you can long/short the pair since you expect the correlation to converge back to its original form.\n",
    "- Sort of becomes an art when you try to maximize the spread between the assets"
   ]
  },
  {
   "cell_type": "markdown",
   "metadata": {},
   "source": [
    "![image info](SP.png)"
   ]
  },
  {
   "cell_type": "markdown",
   "metadata": {},
   "source": [
    "# Basic Idea\n",
    "- 1) Find 2 assets that move similarly with eachother (whether it be a negative or positive correlation)\n",
    "- 2) Sell the 'overvalued' stock and buy the 'undervalued' stock\n",
    "-- A common signal to use to triger the purchase of a pair trade is to use the Price Ratio (Stock A / Stock B). If the ratio changes significantly, then you know it is time to trade. 'Significance' can be measured with standard deviation."
   ]
  },
  {
   "cell_type": "markdown",
   "metadata": {},
   "source": [
    "# (Link in the descriptions)\n",
    "![image info](./Monte_Pic.png)"
   ]
  },
  {
   "cell_type": "code",
   "execution_count": 1,
   "metadata": {},
   "outputs": [
    {
     "name": "stdout",
     "output_type": "stream",
     "text": [
      "[*********************100%***********************]  1 of 1 completed\n",
      "[*********************100%***********************]  1 of 1 completed\n",
      "[*********************100%***********************]  1 of 1 completed\n",
      "[*********************100%***********************]  1 of 1 completed\n",
      "[*********************100%***********************]  1 of 1 completed\n",
      "[*********************100%***********************]  1 of 1 completed\n",
      "[*********************100%***********************]  1 of 1 completed\n",
      "[*********************100%***********************]  1 of 1 completed\n",
      "[*********************100%***********************]  1 of 1 completed\n",
      "[*********************100%***********************]  1 of 1 completed\n",
      "[*********************100%***********************]  1 of 1 completed\n",
      "[*********************100%***********************]  1 of 1 completed\n",
      "[*********************100%***********************]  1 of 1 completed\n",
      "[*********************100%***********************]  1 of 1 completed\n",
      "[*********************100%***********************]  1 of 1 completed\n",
      "[*********************100%***********************]  1 of 1 completed\n",
      "[*********************100%***********************]  1 of 1 completed\n",
      "(252, 17)\n"
     ]
    },
    {
     "data": {
      "text/html": [
       "<div>\n",
       "<style scoped>\n",
       "    .dataframe tbody tr th:only-of-type {\n",
       "        vertical-align: middle;\n",
       "    }\n",
       "\n",
       "    .dataframe tbody tr th {\n",
       "        vertical-align: top;\n",
       "    }\n",
       "\n",
       "    .dataframe thead th {\n",
       "        text-align: right;\n",
       "    }\n",
       "</style>\n",
       "<table border=\"1\" class=\"dataframe\">\n",
       "  <thead>\n",
       "    <tr style=\"text-align: right;\">\n",
       "      <th></th>\n",
       "      <th>DPZ</th>\n",
       "      <th>AAPL</th>\n",
       "      <th>GOOG</th>\n",
       "      <th>AMD</th>\n",
       "      <th>GME</th>\n",
       "      <th>SPY</th>\n",
       "      <th>NFLX</th>\n",
       "      <th>BA</th>\n",
       "      <th>WMT</th>\n",
       "      <th>TWTR</th>\n",
       "      <th>GS</th>\n",
       "      <th>XOM</th>\n",
       "      <th>NKE</th>\n",
       "      <th>FEYE</th>\n",
       "      <th>FB</th>\n",
       "      <th>BRK-B</th>\n",
       "      <th>MSFT</th>\n",
       "    </tr>\n",
       "    <tr>\n",
       "      <th>Date</th>\n",
       "      <th></th>\n",
       "      <th></th>\n",
       "      <th></th>\n",
       "      <th></th>\n",
       "      <th></th>\n",
       "      <th></th>\n",
       "      <th></th>\n",
       "      <th></th>\n",
       "      <th></th>\n",
       "      <th></th>\n",
       "      <th></th>\n",
       "      <th></th>\n",
       "      <th></th>\n",
       "      <th></th>\n",
       "      <th></th>\n",
       "      <th></th>\n",
       "      <th></th>\n",
       "    </tr>\n",
       "  </thead>\n",
       "  <tbody>\n",
       "    <tr>\n",
       "      <th>2021-10-20</th>\n",
       "      <td>576400</td>\n",
       "      <td>58418800</td>\n",
       "      <td>897000</td>\n",
       "      <td>34244800</td>\n",
       "      <td>2276900</td>\n",
       "      <td>49571600</td>\n",
       "      <td>10622000</td>\n",
       "      <td>8485200</td>\n",
       "      <td>5817900</td>\n",
       "      <td>15938400</td>\n",
       "      <td>2453400</td>\n",
       "      <td>14305200</td>\n",
       "      <td>4487000</td>\n",
       "      <td>1174198</td>\n",
       "      <td>13639500</td>\n",
       "      <td>3147600</td>\n",
       "      <td>16537100</td>\n",
       "    </tr>\n",
       "    <tr>\n",
       "      <th>2021-10-21</th>\n",
       "      <td>457000</td>\n",
       "      <td>61421000</td>\n",
       "      <td>742500</td>\n",
       "      <td>34794900</td>\n",
       "      <td>2402400</td>\n",
       "      <td>41305400</td>\n",
       "      <td>8437100</td>\n",
       "      <td>8691500</td>\n",
       "      <td>4651500</td>\n",
       "      <td>10918500</td>\n",
       "      <td>2162100</td>\n",
       "      <td>16564600</td>\n",
       "      <td>6121700</td>\n",
       "      <td>1098843</td>\n",
       "      <td>16354400</td>\n",
       "      <td>2488800</td>\n",
       "      <td>16918100</td>\n",
       "    </tr>\n",
       "    <tr>\n",
       "      <th>2021-10-22</th>\n",
       "      <td>408600</td>\n",
       "      <td>58839600</td>\n",
       "      <td>1507600</td>\n",
       "      <td>38932100</td>\n",
       "      <td>2797200</td>\n",
       "      <td>58755900</td>\n",
       "      <td>6179700</td>\n",
       "      <td>7069100</td>\n",
       "      <td>7064400</td>\n",
       "      <td>17620900</td>\n",
       "      <td>2408600</td>\n",
       "      <td>14251100</td>\n",
       "      <td>5322400</td>\n",
       "      <td>1647390</td>\n",
       "      <td>35152700</td>\n",
       "      <td>3406500</td>\n",
       "      <td>17440800</td>\n",
       "    </tr>\n",
       "    <tr>\n",
       "      <th>2021-10-25</th>\n",
       "      <td>293500</td>\n",
       "      <td>50720600</td>\n",
       "      <td>1054100</td>\n",
       "      <td>47834100</td>\n",
       "      <td>1442800</td>\n",
       "      <td>45214500</td>\n",
       "      <td>3833500</td>\n",
       "      <td>7239100</td>\n",
       "      <td>6429300</td>\n",
       "      <td>15874500</td>\n",
       "      <td>1824700</td>\n",
       "      <td>17939800</td>\n",
       "      <td>3878200</td>\n",
       "      <td>2135086</td>\n",
       "      <td>38409000</td>\n",
       "      <td>3142900</td>\n",
       "      <td>17554500</td>\n",
       "    </tr>\n",
       "    <tr>\n",
       "      <th>2021-10-26</th>\n",
       "      <td>362900</td>\n",
       "      <td>60811700</td>\n",
       "      <td>1407900</td>\n",
       "      <td>59128300</td>\n",
       "      <td>2174300</td>\n",
       "      <td>55981300</td>\n",
       "      <td>2902200</td>\n",
       "      <td>10989200</td>\n",
       "      <td>5797800</td>\n",
       "      <td>22340400</td>\n",
       "      <td>1842600</td>\n",
       "      <td>25556400</td>\n",
       "      <td>4710800</td>\n",
       "      <td>1655290</td>\n",
       "      <td>65536000</td>\n",
       "      <td>3872300</td>\n",
       "      <td>27734300</td>\n",
       "    </tr>\n",
       "  </tbody>\n",
       "</table>\n",
       "</div>"
      ],
      "text/plain": [
       "               DPZ      AAPL     GOOG       AMD      GME       SPY      NFLX  \\\n",
       "Date                                                                           \n",
       "2021-10-20  576400  58418800   897000  34244800  2276900  49571600  10622000   \n",
       "2021-10-21  457000  61421000   742500  34794900  2402400  41305400   8437100   \n",
       "2021-10-22  408600  58839600  1507600  38932100  2797200  58755900   6179700   \n",
       "2021-10-25  293500  50720600  1054100  47834100  1442800  45214500   3833500   \n",
       "2021-10-26  362900  60811700  1407900  59128300  2174300  55981300   2902200   \n",
       "\n",
       "                  BA      WMT      TWTR       GS       XOM      NKE     FEYE  \\\n",
       "Date                                                                           \n",
       "2021-10-20   8485200  5817900  15938400  2453400  14305200  4487000  1174198   \n",
       "2021-10-21   8691500  4651500  10918500  2162100  16564600  6121700  1098843   \n",
       "2021-10-22   7069100  7064400  17620900  2408600  14251100  5322400  1647390   \n",
       "2021-10-25   7239100  6429300  15874500  1824700  17939800  3878200  2135086   \n",
       "2021-10-26  10989200  5797800  22340400  1842600  25556400  4710800  1655290   \n",
       "\n",
       "                  FB    BRK-B      MSFT  \n",
       "Date                                     \n",
       "2021-10-20  13639500  3147600  16537100  \n",
       "2021-10-21  16354400  2488800  16918100  \n",
       "2021-10-22  35152700  3406500  17440800  \n",
       "2021-10-25  38409000  3142900  17554500  \n",
       "2021-10-26  65536000  3872300  27734300  "
      ]
     },
     "execution_count": 1,
     "metadata": {},
     "output_type": "execute_result"
    }
   ],
   "source": [
    "# Getting Data from 6 years back\n",
    "# I will use the most recent 1 year to determine how well I would have done if I follow the efficient frontier.\n",
    "# The market is open 252 times in a given year.\n",
    "# I will get the adjusted close as my main data.\n",
    "'''MAKE SURE pandas == 1.2 version.\n",
    "Yahoo has changed their structure when it comes to querying data. I have made the adjustments to this entire notebook.\n",
    "'''\n",
    "import pandas as pd\n",
    "import pandas_datareader as pdr\n",
    "from datetime import datetime\n",
    "import yfinance as yf\n",
    "\n",
    "def get_historical_Data(tickers):\n",
    "    \"\"\"This function returns a pd dataframe with all of the adjusted closing information\"\"\"\n",
    "    data = pd.DataFrame()\n",
    "    names = list()\n",
    "    for i in tickers:\n",
    "        data = pd.concat([data, pd.DataFrame(yf.download(i, start=datetime(2020, 10, 27), end=datetime(2021, 10, 27)).iloc[:,5])], axis = 1)\n",
    "#         data = pd.concat([data,pdr.get_data_yahoo(symbols=i, start=datetime(2020, 4, 24), end=datetime(2021, 4, 24)).iloc[:,5]], axis = 1)\n",
    "        names.append(i)\n",
    "    data.columns = names\n",
    "    return data\n",
    "\n",
    "ticks = [\"DPZ\", \"AAPL\", \"GOOG\", \"AMD\", \"GME\", \"SPY\", \"NFLX\", \"BA\", \"WMT\",\"TWTR\",\"GS\",\"XOM\",\"NKE\",\"FEYE\", \"FB\",\"BRK-B\", \"MSFT\"] #Name of company (Dominos pizza)\n",
    "d = get_historical_Data(ticks)\n",
    "print(d.shape)\n",
    "# Most Recent Data\n",
    "d.tail()"
   ]
  },
  {
   "cell_type": "code",
   "execution_count": 2,
   "metadata": {},
   "outputs": [
    {
     "data": {
      "text/html": [
       "<div>\n",
       "<style scoped>\n",
       "    .dataframe tbody tr th:only-of-type {\n",
       "        vertical-align: middle;\n",
       "    }\n",
       "\n",
       "    .dataframe tbody tr th {\n",
       "        vertical-align: top;\n",
       "    }\n",
       "\n",
       "    .dataframe thead th {\n",
       "        text-align: right;\n",
       "    }\n",
       "</style>\n",
       "<table border=\"1\" class=\"dataframe\">\n",
       "  <thead>\n",
       "    <tr style=\"text-align: right;\">\n",
       "      <th></th>\n",
       "      <th>DPZ</th>\n",
       "      <th>AAPL</th>\n",
       "      <th>GOOG</th>\n",
       "      <th>AMD</th>\n",
       "      <th>GME</th>\n",
       "      <th>SPY</th>\n",
       "      <th>NFLX</th>\n",
       "      <th>BA</th>\n",
       "      <th>WMT</th>\n",
       "      <th>TWTR</th>\n",
       "      <th>GS</th>\n",
       "      <th>XOM</th>\n",
       "      <th>NKE</th>\n",
       "      <th>FEYE</th>\n",
       "      <th>FB</th>\n",
       "      <th>BRK-B</th>\n",
       "      <th>MSFT</th>\n",
       "    </tr>\n",
       "  </thead>\n",
       "  <tbody>\n",
       "    <tr>\n",
       "      <th>DPZ</th>\n",
       "      <td>1.000000</td>\n",
       "      <td>0.337350</td>\n",
       "      <td>0.244875</td>\n",
       "      <td>-0.059019</td>\n",
       "      <td>0.199708</td>\n",
       "      <td>0.354569</td>\n",
       "      <td>0.043019</td>\n",
       "      <td>0.202224</td>\n",
       "      <td>0.205465</td>\n",
       "      <td>0.291313</td>\n",
       "      <td>0.209042</td>\n",
       "      <td>0.243392</td>\n",
       "      <td>0.099190</td>\n",
       "      <td>0.057956</td>\n",
       "      <td>0.209063</td>\n",
       "      <td>0.311668</td>\n",
       "      <td>0.358274</td>\n",
       "    </tr>\n",
       "    <tr>\n",
       "      <th>AAPL</th>\n",
       "      <td>0.337350</td>\n",
       "      <td>1.000000</td>\n",
       "      <td>0.633995</td>\n",
       "      <td>-0.008968</td>\n",
       "      <td>0.291835</td>\n",
       "      <td>0.634896</td>\n",
       "      <td>0.197096</td>\n",
       "      <td>0.312437</td>\n",
       "      <td>0.289285</td>\n",
       "      <td>0.285754</td>\n",
       "      <td>0.400270</td>\n",
       "      <td>0.622144</td>\n",
       "      <td>0.137805</td>\n",
       "      <td>0.272363</td>\n",
       "      <td>0.416671</td>\n",
       "      <td>0.578732</td>\n",
       "      <td>0.712752</td>\n",
       "    </tr>\n",
       "    <tr>\n",
       "      <th>GOOG</th>\n",
       "      <td>0.244875</td>\n",
       "      <td>0.633995</td>\n",
       "      <td>1.000000</td>\n",
       "      <td>0.034984</td>\n",
       "      <td>0.187214</td>\n",
       "      <td>0.460935</td>\n",
       "      <td>0.256363</td>\n",
       "      <td>0.237250</td>\n",
       "      <td>0.173671</td>\n",
       "      <td>0.340379</td>\n",
       "      <td>0.326406</td>\n",
       "      <td>0.514413</td>\n",
       "      <td>0.177497</td>\n",
       "      <td>0.274308</td>\n",
       "      <td>0.512309</td>\n",
       "      <td>0.544622</td>\n",
       "      <td>0.681750</td>\n",
       "    </tr>\n",
       "    <tr>\n",
       "      <th>AMD</th>\n",
       "      <td>-0.059019</td>\n",
       "      <td>-0.008968</td>\n",
       "      <td>0.034984</td>\n",
       "      <td>1.000000</td>\n",
       "      <td>0.003145</td>\n",
       "      <td>0.001404</td>\n",
       "      <td>-0.105137</td>\n",
       "      <td>-0.075672</td>\n",
       "      <td>-0.031276</td>\n",
       "      <td>-0.025878</td>\n",
       "      <td>-0.054045</td>\n",
       "      <td>-0.015123</td>\n",
       "      <td>-0.107300</td>\n",
       "      <td>-0.040280</td>\n",
       "      <td>0.044782</td>\n",
       "      <td>-0.035203</td>\n",
       "      <td>0.076004</td>\n",
       "    </tr>\n",
       "    <tr>\n",
       "      <th>GME</th>\n",
       "      <td>0.199708</td>\n",
       "      <td>0.291835</td>\n",
       "      <td>0.187214</td>\n",
       "      <td>0.003145</td>\n",
       "      <td>1.000000</td>\n",
       "      <td>0.081461</td>\n",
       "      <td>0.145596</td>\n",
       "      <td>0.059178</td>\n",
       "      <td>0.117816</td>\n",
       "      <td>0.192625</td>\n",
       "      <td>0.206207</td>\n",
       "      <td>0.179219</td>\n",
       "      <td>-0.029350</td>\n",
       "      <td>0.079014</td>\n",
       "      <td>0.124011</td>\n",
       "      <td>0.124146</td>\n",
       "      <td>0.293324</td>\n",
       "    </tr>\n",
       "    <tr>\n",
       "      <th>SPY</th>\n",
       "      <td>0.354569</td>\n",
       "      <td>0.634896</td>\n",
       "      <td>0.460935</td>\n",
       "      <td>0.001404</td>\n",
       "      <td>0.081461</td>\n",
       "      <td>1.000000</td>\n",
       "      <td>0.155413</td>\n",
       "      <td>0.255516</td>\n",
       "      <td>0.344224</td>\n",
       "      <td>0.205558</td>\n",
       "      <td>0.376986</td>\n",
       "      <td>0.547917</td>\n",
       "      <td>0.220514</td>\n",
       "      <td>0.062797</td>\n",
       "      <td>0.365392</td>\n",
       "      <td>0.548532</td>\n",
       "      <td>0.660399</td>\n",
       "    </tr>\n",
       "    <tr>\n",
       "      <th>NFLX</th>\n",
       "      <td>0.043019</td>\n",
       "      <td>0.197096</td>\n",
       "      <td>0.256363</td>\n",
       "      <td>-0.105137</td>\n",
       "      <td>0.145596</td>\n",
       "      <td>0.155413</td>\n",
       "      <td>1.000000</td>\n",
       "      <td>0.072673</td>\n",
       "      <td>-0.047420</td>\n",
       "      <td>0.120706</td>\n",
       "      <td>0.233221</td>\n",
       "      <td>0.140776</td>\n",
       "      <td>0.061768</td>\n",
       "      <td>-0.046804</td>\n",
       "      <td>0.217894</td>\n",
       "      <td>0.110997</td>\n",
       "      <td>0.263009</td>\n",
       "    </tr>\n",
       "    <tr>\n",
       "      <th>BA</th>\n",
       "      <td>0.202224</td>\n",
       "      <td>0.312437</td>\n",
       "      <td>0.237250</td>\n",
       "      <td>-0.075672</td>\n",
       "      <td>0.059178</td>\n",
       "      <td>0.255516</td>\n",
       "      <td>0.072673</td>\n",
       "      <td>1.000000</td>\n",
       "      <td>0.182427</td>\n",
       "      <td>0.011982</td>\n",
       "      <td>0.222136</td>\n",
       "      <td>0.459486</td>\n",
       "      <td>0.057571</td>\n",
       "      <td>0.029017</td>\n",
       "      <td>0.061480</td>\n",
       "      <td>0.258129</td>\n",
       "      <td>0.331123</td>\n",
       "    </tr>\n",
       "    <tr>\n",
       "      <th>WMT</th>\n",
       "      <td>0.205465</td>\n",
       "      <td>0.289285</td>\n",
       "      <td>0.173671</td>\n",
       "      <td>-0.031276</td>\n",
       "      <td>0.117816</td>\n",
       "      <td>0.344224</td>\n",
       "      <td>-0.047420</td>\n",
       "      <td>0.182427</td>\n",
       "      <td>1.000000</td>\n",
       "      <td>0.021722</td>\n",
       "      <td>0.184378</td>\n",
       "      <td>0.264533</td>\n",
       "      <td>0.194815</td>\n",
       "      <td>0.104724</td>\n",
       "      <td>0.087915</td>\n",
       "      <td>0.465114</td>\n",
       "      <td>0.213347</td>\n",
       "    </tr>\n",
       "    <tr>\n",
       "      <th>TWTR</th>\n",
       "      <td>0.291313</td>\n",
       "      <td>0.285754</td>\n",
       "      <td>0.340379</td>\n",
       "      <td>-0.025878</td>\n",
       "      <td>0.192625</td>\n",
       "      <td>0.205558</td>\n",
       "      <td>0.120706</td>\n",
       "      <td>0.011982</td>\n",
       "      <td>0.021722</td>\n",
       "      <td>1.000000</td>\n",
       "      <td>0.077671</td>\n",
       "      <td>0.279032</td>\n",
       "      <td>-0.027481</td>\n",
       "      <td>-0.019012</td>\n",
       "      <td>0.381356</td>\n",
       "      <td>0.132702</td>\n",
       "      <td>0.239115</td>\n",
       "    </tr>\n",
       "    <tr>\n",
       "      <th>GS</th>\n",
       "      <td>0.209042</td>\n",
       "      <td>0.400270</td>\n",
       "      <td>0.326406</td>\n",
       "      <td>-0.054045</td>\n",
       "      <td>0.206207</td>\n",
       "      <td>0.376986</td>\n",
       "      <td>0.233221</td>\n",
       "      <td>0.222136</td>\n",
       "      <td>0.184378</td>\n",
       "      <td>0.077671</td>\n",
       "      <td>1.000000</td>\n",
       "      <td>0.415244</td>\n",
       "      <td>0.159941</td>\n",
       "      <td>0.226325</td>\n",
       "      <td>0.177471</td>\n",
       "      <td>0.407243</td>\n",
       "      <td>0.407942</td>\n",
       "    </tr>\n",
       "    <tr>\n",
       "      <th>XOM</th>\n",
       "      <td>0.243392</td>\n",
       "      <td>0.622144</td>\n",
       "      <td>0.514413</td>\n",
       "      <td>-0.015123</td>\n",
       "      <td>0.179219</td>\n",
       "      <td>0.547917</td>\n",
       "      <td>0.140776</td>\n",
       "      <td>0.459486</td>\n",
       "      <td>0.264533</td>\n",
       "      <td>0.279032</td>\n",
       "      <td>0.415244</td>\n",
       "      <td>1.000000</td>\n",
       "      <td>0.231669</td>\n",
       "      <td>0.099628</td>\n",
       "      <td>0.367599</td>\n",
       "      <td>0.595842</td>\n",
       "      <td>0.582263</td>\n",
       "    </tr>\n",
       "    <tr>\n",
       "      <th>NKE</th>\n",
       "      <td>0.099190</td>\n",
       "      <td>0.137805</td>\n",
       "      <td>0.177497</td>\n",
       "      <td>-0.107300</td>\n",
       "      <td>-0.029350</td>\n",
       "      <td>0.220514</td>\n",
       "      <td>0.061768</td>\n",
       "      <td>0.057571</td>\n",
       "      <td>0.194815</td>\n",
       "      <td>-0.027481</td>\n",
       "      <td>0.159941</td>\n",
       "      <td>0.231669</td>\n",
       "      <td>1.000000</td>\n",
       "      <td>0.112571</td>\n",
       "      <td>0.159401</td>\n",
       "      <td>0.340038</td>\n",
       "      <td>0.217219</td>\n",
       "    </tr>\n",
       "    <tr>\n",
       "      <th>FEYE</th>\n",
       "      <td>0.057956</td>\n",
       "      <td>0.272363</td>\n",
       "      <td>0.274308</td>\n",
       "      <td>-0.040280</td>\n",
       "      <td>0.079014</td>\n",
       "      <td>0.062797</td>\n",
       "      <td>-0.046804</td>\n",
       "      <td>0.029017</td>\n",
       "      <td>0.104724</td>\n",
       "      <td>-0.019012</td>\n",
       "      <td>0.226325</td>\n",
       "      <td>0.099628</td>\n",
       "      <td>0.112571</td>\n",
       "      <td>1.000000</td>\n",
       "      <td>0.040283</td>\n",
       "      <td>0.406024</td>\n",
       "      <td>0.234880</td>\n",
       "    </tr>\n",
       "    <tr>\n",
       "      <th>FB</th>\n",
       "      <td>0.209063</td>\n",
       "      <td>0.416671</td>\n",
       "      <td>0.512309</td>\n",
       "      <td>0.044782</td>\n",
       "      <td>0.124011</td>\n",
       "      <td>0.365392</td>\n",
       "      <td>0.217894</td>\n",
       "      <td>0.061480</td>\n",
       "      <td>0.087915</td>\n",
       "      <td>0.381356</td>\n",
       "      <td>0.177471</td>\n",
       "      <td>0.367599</td>\n",
       "      <td>0.159401</td>\n",
       "      <td>0.040283</td>\n",
       "      <td>1.000000</td>\n",
       "      <td>0.271048</td>\n",
       "      <td>0.482972</td>\n",
       "    </tr>\n",
       "    <tr>\n",
       "      <th>BRK-B</th>\n",
       "      <td>0.311668</td>\n",
       "      <td>0.578732</td>\n",
       "      <td>0.544622</td>\n",
       "      <td>-0.035203</td>\n",
       "      <td>0.124146</td>\n",
       "      <td>0.548532</td>\n",
       "      <td>0.110997</td>\n",
       "      <td>0.258129</td>\n",
       "      <td>0.465114</td>\n",
       "      <td>0.132702</td>\n",
       "      <td>0.407243</td>\n",
       "      <td>0.595842</td>\n",
       "      <td>0.340038</td>\n",
       "      <td>0.406024</td>\n",
       "      <td>0.271048</td>\n",
       "      <td>1.000000</td>\n",
       "      <td>0.597508</td>\n",
       "    </tr>\n",
       "    <tr>\n",
       "      <th>MSFT</th>\n",
       "      <td>0.358274</td>\n",
       "      <td>0.712752</td>\n",
       "      <td>0.681750</td>\n",
       "      <td>0.076004</td>\n",
       "      <td>0.293324</td>\n",
       "      <td>0.660399</td>\n",
       "      <td>0.263009</td>\n",
       "      <td>0.331123</td>\n",
       "      <td>0.213347</td>\n",
       "      <td>0.239115</td>\n",
       "      <td>0.407942</td>\n",
       "      <td>0.582263</td>\n",
       "      <td>0.217219</td>\n",
       "      <td>0.234880</td>\n",
       "      <td>0.482972</td>\n",
       "      <td>0.597508</td>\n",
       "      <td>1.000000</td>\n",
       "    </tr>\n",
       "  </tbody>\n",
       "</table>\n",
       "</div>"
      ],
      "text/plain": [
       "            DPZ      AAPL      GOOG       AMD       GME       SPY      NFLX  \\\n",
       "DPZ    1.000000  0.337350  0.244875 -0.059019  0.199708  0.354569  0.043019   \n",
       "AAPL   0.337350  1.000000  0.633995 -0.008968  0.291835  0.634896  0.197096   \n",
       "GOOG   0.244875  0.633995  1.000000  0.034984  0.187214  0.460935  0.256363   \n",
       "AMD   -0.059019 -0.008968  0.034984  1.000000  0.003145  0.001404 -0.105137   \n",
       "GME    0.199708  0.291835  0.187214  0.003145  1.000000  0.081461  0.145596   \n",
       "SPY    0.354569  0.634896  0.460935  0.001404  0.081461  1.000000  0.155413   \n",
       "NFLX   0.043019  0.197096  0.256363 -0.105137  0.145596  0.155413  1.000000   \n",
       "BA     0.202224  0.312437  0.237250 -0.075672  0.059178  0.255516  0.072673   \n",
       "WMT    0.205465  0.289285  0.173671 -0.031276  0.117816  0.344224 -0.047420   \n",
       "TWTR   0.291313  0.285754  0.340379 -0.025878  0.192625  0.205558  0.120706   \n",
       "GS     0.209042  0.400270  0.326406 -0.054045  0.206207  0.376986  0.233221   \n",
       "XOM    0.243392  0.622144  0.514413 -0.015123  0.179219  0.547917  0.140776   \n",
       "NKE    0.099190  0.137805  0.177497 -0.107300 -0.029350  0.220514  0.061768   \n",
       "FEYE   0.057956  0.272363  0.274308 -0.040280  0.079014  0.062797 -0.046804   \n",
       "FB     0.209063  0.416671  0.512309  0.044782  0.124011  0.365392  0.217894   \n",
       "BRK-B  0.311668  0.578732  0.544622 -0.035203  0.124146  0.548532  0.110997   \n",
       "MSFT   0.358274  0.712752  0.681750  0.076004  0.293324  0.660399  0.263009   \n",
       "\n",
       "             BA       WMT      TWTR        GS       XOM       NKE      FEYE  \\\n",
       "DPZ    0.202224  0.205465  0.291313  0.209042  0.243392  0.099190  0.057956   \n",
       "AAPL   0.312437  0.289285  0.285754  0.400270  0.622144  0.137805  0.272363   \n",
       "GOOG   0.237250  0.173671  0.340379  0.326406  0.514413  0.177497  0.274308   \n",
       "AMD   -0.075672 -0.031276 -0.025878 -0.054045 -0.015123 -0.107300 -0.040280   \n",
       "GME    0.059178  0.117816  0.192625  0.206207  0.179219 -0.029350  0.079014   \n",
       "SPY    0.255516  0.344224  0.205558  0.376986  0.547917  0.220514  0.062797   \n",
       "NFLX   0.072673 -0.047420  0.120706  0.233221  0.140776  0.061768 -0.046804   \n",
       "BA     1.000000  0.182427  0.011982  0.222136  0.459486  0.057571  0.029017   \n",
       "WMT    0.182427  1.000000  0.021722  0.184378  0.264533  0.194815  0.104724   \n",
       "TWTR   0.011982  0.021722  1.000000  0.077671  0.279032 -0.027481 -0.019012   \n",
       "GS     0.222136  0.184378  0.077671  1.000000  0.415244  0.159941  0.226325   \n",
       "XOM    0.459486  0.264533  0.279032  0.415244  1.000000  0.231669  0.099628   \n",
       "NKE    0.057571  0.194815 -0.027481  0.159941  0.231669  1.000000  0.112571   \n",
       "FEYE   0.029017  0.104724 -0.019012  0.226325  0.099628  0.112571  1.000000   \n",
       "FB     0.061480  0.087915  0.381356  0.177471  0.367599  0.159401  0.040283   \n",
       "BRK-B  0.258129  0.465114  0.132702  0.407243  0.595842  0.340038  0.406024   \n",
       "MSFT   0.331123  0.213347  0.239115  0.407942  0.582263  0.217219  0.234880   \n",
       "\n",
       "             FB     BRK-B      MSFT  \n",
       "DPZ    0.209063  0.311668  0.358274  \n",
       "AAPL   0.416671  0.578732  0.712752  \n",
       "GOOG   0.512309  0.544622  0.681750  \n",
       "AMD    0.044782 -0.035203  0.076004  \n",
       "GME    0.124011  0.124146  0.293324  \n",
       "SPY    0.365392  0.548532  0.660399  \n",
       "NFLX   0.217894  0.110997  0.263009  \n",
       "BA     0.061480  0.258129  0.331123  \n",
       "WMT    0.087915  0.465114  0.213347  \n",
       "TWTR   0.381356  0.132702  0.239115  \n",
       "GS     0.177471  0.407243  0.407942  \n",
       "XOM    0.367599  0.595842  0.582263  \n",
       "NKE    0.159401  0.340038  0.217219  \n",
       "FEYE   0.040283  0.406024  0.234880  \n",
       "FB     1.000000  0.271048  0.482972  \n",
       "BRK-B  0.271048  1.000000  0.597508  \n",
       "MSFT   0.482972  0.597508  1.000000  "
      ]
     },
     "execution_count": 2,
     "metadata": {},
     "output_type": "execute_result"
    }
   ],
   "source": [
    "corr_matrix = d.corr()\n",
    "corr_matrix"
   ]
  },
  {
   "cell_type": "code",
   "execution_count": 3,
   "metadata": {},
   "outputs": [
    {
     "data": {
      "text/plain": [
       "<AxesSubplot:>"
      ]
     },
     "execution_count": 3,
     "metadata": {},
     "output_type": "execute_result"
    },
    {
     "data": {
