{
 "cells": [
  {
   "cell_type": "markdown",
   "metadata": {},
   "source": [
    "# Mean Reversion -  (Pairs Trading)\n",
    "- Long Pair: Long stock A and short stock B\n",
    "- Short Pair: Short stock A and long stock B\n",
    "- You want to find a high correlation between stock A and B's price (usually > 0.8) --  in this case let's say 0.9. If you find a relationship suggesting that the prices move in opposite directions, you can capitalize on this behavior. ONCE the assets deviate from their typical correlation, say 0.5, you can long/short the pair since you expect the correlation to converge back to its original form.\n",
    "- Sort of becomes an art when you try to maximize the spread between the assets"
   ]
  },
  {
   "cell_type": "markdown",
   "metadata": {},
   "source": [
    "![image info](SP.png)"
   ]
  },
  {
   "cell_type": "markdown",
   "metadata": {},
   "source": [
    "# Basic Idea\n",
    "- 1) Find 2 assets that move similarly with eachother (whether it be a negative or positive correlation)\n",
    "- 2) Sell the 'overvalued' stock and buy the 'undervalued' stock\n",
    "-- A common signal to use to triger the purchase of a pair trade is to use the Price Ratio (Stock A / Stock B). If the ratio changes significantly, then you know it is time to trade. 'Significance' can be measured with standard deviation."
   ]
  },
  {
   "cell_type": "markdown",
   "metadata": {},
   "source": [
    "# (Link in the descriptions)\n",
    "![image info](./Monte_Pic.png)"
   ]
  },
  {
   "cell_type": "code",
   "execution_count": 1,
   "metadata": {},
   "outputs": [
    {
     "name": "stdout",
     "output_type": "stream",
     "text": [
      "(252, 17)\n"
     ]
    },
    {
     "data": {
      "text/html": [
       "<div>\n",
       "<style scoped>\n",
       "    .dataframe tbody tr th:only-of-type {\n",
       "        vertical-align: middle;\n",
       "    }\n",
       "\n",
       "    .dataframe tbody tr th {\n",
       "        vertical-align: top;\n",
       "    }\n",
       "\n",
       "    .dataframe thead th {\n",
       "        text-align: right;\n",
       "    }\n",
       "</style>\n",
       "<table border=\"1\" class=\"dataframe\">\n",
       "  <thead>\n",
       "    <tr style=\"text-align: right;\">\n",
       "      <th></th>\n",
       "      <th>DPZ</th>\n",
       "      <th>AAPL</th>\n",
       "      <th>GOOG</th>\n",
       "      <th>AMD</th>\n",
       "      <th>GME</th>\n",
       "      <th>SPY</th>\n",
       "      <th>NFLX</th>\n",
       "      <th>BA</th>\n",
       "      <th>WMT</th>\n",
       "      <th>TWTR</th>\n",
       "      <th>GS</th>\n",
       "      <th>XOM</th>\n",
       "      <th>NKE</th>\n",
       "      <th>FEYE</th>\n",
       "      <th>FB</th>\n",
       "      <th>BRK-B</th>\n",
       "      <th>MSFT</th>\n",
       "    </tr>\n",
       "  </thead>\n",
       "  <tbody>\n",
       "    <tr>\n",
       "      <th>2021-04-19 00:00:00</th>\n",
       "      <td>397.959991</td>\n",
       "      <td>134.839996</td>\n",
       "      <td>2302.399902</td>\n",
       "      <td>81.110001</td>\n",
       "      <td>164.369995</td>\n",
       "      <td>415.209991</td>\n",
       "      <td>554.440002</td>\n",
       "      <td>244.149994</td>\n",
       "      <td>139.710007</td>\n",
       "      <td>67.940002</td>\n",
       "      <td>343.089996</td>\n",
       "      <td>56.480000</td>\n",
       "      <td>132.570007</td>\n",
       "      <td>20.165001</td>\n",
       "      <td>302.239990</td>\n",
       "      <td>270.279999</td>\n",
       "      <td>258.739990</td>\n",
       "    </tr>\n",
       "    <tr>\n",
       "      <th>2021-04-20 00:00:00</th>\n",
       "      <td>398.049988</td>\n",
       "      <td>133.110001</td>\n",
       "      <td>2293.629883</td>\n",
       "      <td>79.269997</td>\n",
       "      <td>158.529999</td>\n",
       "      <td>412.170013</td>\n",
       "      <td>549.570007</td>\n",
       "      <td>234.059998</td>\n",
       "      <td>140.789993</td>\n",
       "      <td>65.699997</td>\n",
       "      <td>331.880005</td>\n",
       "      <td>55.290001</td>\n",
       "      <td>127.110001</td>\n",
       "      <td>19.900000</td>\n",
       "      <td>302.649994</td>\n",
       "      <td>267.890015</td>\n",
       "      <td>258.260010</td>\n",
       "    </tr>\n",
       "    <tr>\n",
       "      <th>2021-04-21 00:00:00</th>\n",
       "      <td>394.799988</td>\n",
       "      <td>133.500000</td>\n",
       "      <td>2293.290039</td>\n",
       "      <td>81.610001</td>\n",
       "      <td>158.509995</td>\n",
       "      <td>416.070007</td>\n",
       "      <td>508.899994</td>\n",
       "      <td>235.919998</td>\n",
       "      <td>141.199997</td>\n",
       "      <td>67.330002</td>\n",
       "      <td>335.269989</td>\n",
       "      <td>56.000000</td>\n",
       "      <td>129.899994</td>\n",
       "      <td>19.990000</td>\n",
       "      <td>301.470001</td>\n",
       "      <td>272.209991</td>\n",
       "      <td>260.579987</td>\n",
       "    </tr>\n",
       "    <tr>\n",
       "      <th>2021-04-22 00:00:00</th>\n",
       "      <td>398.760010</td>\n",
       "      <td>131.940002</td>\n",
       "      <td>2267.919922</td>\n",
       "      <td>79.059998</td>\n",
       "      <td>151.169998</td>\n",
       "      <td>412.269989</td>\n",
       "      <td>508.779999</td>\n",
       "      <td>234.330002</td>\n",
       "      <td>139.669998</td>\n",
       "      <td>64.309998</td>\n",
       "      <td>330.850006</td>\n",
       "      <td>55.270000</td>\n",
       "      <td>129.179993</td>\n",
       "      <td>20.110001</td>\n",
       "      <td>296.519989</td>\n",
       "      <td>269.510010</td>\n",
       "      <td>257.170013</td>\n",
       "    </tr>\n",
       "    <tr>\n",
       "      <th>2021-04-23 00:00:00</th>\n",
       "      <td>397.709991</td>\n",
       "      <td>134.320007</td>\n",
       "      <td>2315.300049</td>\n",
       "      <td>82.760002</td>\n",
       "      <td>151.179993</td>\n",
       "      <td>416.739990</td>\n",
       "      <td>505.549988</td>\n",
       "      <td>238.380005</td>\n",
       "      <td>139.899994</td>\n",
       "      <td>67.019997</td>\n",
       "      <td>339.350006</td>\n",
       "      <td>55.570000</td>\n",
       "      <td>130.190002</td>\n",
       "      <td>20.280001</td>\n",
       "      <td>301.130005</td>\n",
       "      <td>271.980011</td>\n",
       "      <td>261.149994</td>\n",
       "    </tr>\n",
       "  </tbody>\n",
       "</table>\n",
       "</div>"
      ],
      "text/plain": [
       "                            DPZ        AAPL         GOOG        AMD  \\\n",
       "2021-04-19 00:00:00  397.959991  134.839996  2302.399902  81.110001   \n",
       "2021-04-20 00:00:00  398.049988  133.110001  2293.629883  79.269997   \n",
       "2021-04-21 00:00:00  394.799988  133.500000  2293.290039  81.610001   \n",
       "2021-04-22 00:00:00  398.760010  131.940002  2267.919922  79.059998   \n",
       "2021-04-23 00:00:00  397.709991  134.320007  2315.300049  82.760002   \n",
       "\n",
       "                            GME         SPY        NFLX          BA  \\\n",
       "2021-04-19 00:00:00  164.369995  415.209991  554.440002  244.149994   \n",
       "2021-04-20 00:00:00  158.529999  412.170013  549.570007  234.059998   \n",
       "2021-04-21 00:00:00  158.509995  416.070007  508.899994  235.919998   \n",
       "2021-04-22 00:00:00  151.169998  412.269989  508.779999  234.330002   \n",
       "2021-04-23 00:00:00  151.179993  416.739990  505.549988  238.380005   \n",
       "\n",
       "                            WMT       TWTR          GS        XOM         NKE  \\\n",
       "2021-04-19 00:00:00  139.710007  67.940002  343.089996  56.480000  132.570007   \n",
       "2021-04-20 00:00:00  140.789993  65.699997  331.880005  55.290001  127.110001   \n",
       "2021-04-21 00:00:00  141.199997  67.330002  335.269989  56.000000  129.899994   \n",
       "2021-04-22 00:00:00  139.669998  64.309998  330.850006  55.270000  129.179993   \n",
       "2021-04-23 00:00:00  139.899994  67.019997  339.350006  55.570000  130.190002   \n",
       "\n",
       "                          FEYE          FB       BRK-B        MSFT  \n",
       "2021-04-19 00:00:00  20.165001  302.239990  270.279999  258.739990  \n",
       "2021-04-20 00:00:00  19.900000  302.649994  267.890015  258.260010  \n",
       "2021-04-21 00:00:00  19.990000  301.470001  272.209991  260.579987  \n",
       "2021-04-22 00:00:00  20.110001  296.519989  269.510010  257.170013  \n",
       "2021-04-23 00:00:00  20.280001  301.130005  271.980011  261.149994  "
      ]
     },
     "execution_count": 1,
     "metadata": {},
     "output_type": "execute_result"
    }
   ],
   "source": [
    "# Getting Data from 6 years back\n",
    "# I will use the most recent 1 year to determine how well I would have done if I follow the efficient frontier.\n",
    "# The market is open 252 times in a given year.\n",
    "# I will get the adjusted close as my main data.\n",
    "import pandas as pd\n",
    "import pandas_datareader as pdr\n",
    "from datetime import datetime\n",
    "\n",
    "def get_historical_Data(tickers):\n",
    "    \"\"\"This function returns a pd dataframe with all of the adjusted closing information\"\"\"\n",
    "    data = pd.DataFrame()\n",
    "    names = list()\n",
    "    for i in tickers:\n",
    "        data = pd.concat([data,pdr.get_data_yahoo(symbols=i, start=datetime(2020, 4, 24), end=datetime(2021, 4, 24)).iloc[:,5]], axis = 1)\n",
    "        names.append(i)\n",
    "    data.columns = names\n",
    "    return data\n",
    "\n",
    "ticks = [\"DPZ\", \"AAPL\", \"GOOG\", \"AMD\", \"GME\", \"SPY\", \"NFLX\", \"BA\", \"WMT\",\"TWTR\",\"GS\",\"XOM\",\"NKE\",\"FEYE\", \"FB\",\"BRK-B\", \"MSFT\"] #Name of company (Dominos pizza)\n",
    "d = get_historical_Data(ticks)\n",
    "print(d.shape)\n",
    "# Most Recent Data\n",
    "d.tail()"
   ]
  },
  {
   "cell_type": "code",
   "execution_count": 2,
   "metadata": {},
   "outputs": [
    {
     "data": {
      "text/html": [
       "<div>\n",
       "<style scoped>\n",
       "    .dataframe tbody tr th:only-of-type {\n",
       "        vertical-align: middle;\n",
       "    }\n",
       "\n",
       "    .dataframe tbody tr th {\n",
       "        vertical-align: top;\n",
       "    }\n",
       "\n",
       "    .dataframe thead th {\n",
       "        text-align: right;\n",
       "    }\n",
       "</style>\n",
       "<table border=\"1\" class=\"dataframe\">\n",
       "  <thead>\n",
       "    <tr style=\"text-align: right;\">\n",
       "      <th></th>\n",
       "      <th>DPZ</th>\n",
       "      <th>AAPL</th>\n",
       "      <th>GOOG</th>\n",
       "      <th>AMD</th>\n",
       "      <th>GME</th>\n",
       "      <th>SPY</th>\n",
       "      <th>NFLX</th>\n",
       "      <th>BA</th>\n",
       "      <th>WMT</th>\n",
       "      <th>TWTR</th>\n",
       "      <th>GS</th>\n",
       "      <th>XOM</th>\n",
       "      <th>NKE</th>\n",
       "      <th>FEYE</th>\n",
       "      <th>FB</th>\n",
       "      <th>BRK-B</th>\n",
       "      <th>MSFT</th>\n",
       "    </tr>\n",
       "  </thead>\n",
       "  <tbody>\n",
       "    <tr>\n",
       "      <th>DPZ</th>\n",
       "      <td>1.000000</td>\n",
       "      <td>0.215169</td>\n",
       "      <td>-0.207343</td>\n",
       "      <td>0.265336</td>\n",
       "      <td>-0.363020</td>\n",
       "      <td>-0.043568</td>\n",
       "      <td>0.189883</td>\n",
       "      <td>-0.195480</td>\n",
       "      <td>0.335647</td>\n",
       "      <td>-0.178380</td>\n",
       "      <td>-0.339183</td>\n",
       "      <td>-0.553837</td>\n",
       "      <td>0.024097</td>\n",
       "      <td>-0.182168</td>\n",
       "      <td>0.306881</td>\n",
       "      <td>-0.072372</td>\n",
       "      <td>0.049852</td>\n",
       "    </tr>\n",
       "    <tr>\n",
       "      <th>AAPL</th>\n",
       "      <td>0.215169</td>\n",
       "      <td>1.000000</td>\n",
       "      <td>0.765563</td>\n",
       "      <td>0.918794</td>\n",
       "      <td>0.449900</td>\n",
       "      <td>0.897570</td>\n",
       "      <td>0.861139</td>\n",
       "      <td>0.649297</td>\n",
       "      <td>0.798448</td>\n",
       "      <td>0.759015</td>\n",
       "      <td>0.673259</td>\n",
       "      <td>0.250475</td>\n",
       "      <td>0.889708</td>\n",
       "      <td>0.786079</td>\n",
       "      <td>0.860028</td>\n",
       "      <td>0.840687</td>\n",
       "      <td>0.868948</td>\n",
       "    </tr>\n",
       "    <tr>\n",
       "      <th>GOOG</th>\n",
       "      <td>-0.207343</td>\n",
       "      <td>0.765563</td>\n",
       "      <td>1.000000</td>\n",
       "      <td>0.585081</td>\n",
       "      <td>0.743687</td>\n",
       "      <td>0.950758</td>\n",
       "      <td>0.715588</td>\n",
       "      <td>0.844313</td>\n",
       "      <td>0.497455</td>\n",
       "      <td>0.924865</td>\n",
       "      <td>0.933780</td>\n",
       "      <td>0.720093</td>\n",
       "      <td>0.775796</td>\n",
       "      <td>0.816079</td>\n",
       "      <td>0.737040</td>\n",
       "      <td>0.925402</td>\n",
       "      <td>0.925449</td>\n",
       "    </tr>\n",
       "    <tr>\n",
       "      <th>AMD</th>\n",
       "      <td>0.265336</td>\n",
       "      <td>0.918794</td>\n",
       "      <td>0.585081</td>\n",
       "      <td>1.000000</td>\n",
       "      <td>0.243387</td>\n",
       "      <td>0.760382</td>\n",
       "      <td>0.736988</td>\n",
       "      <td>0.492571</td>\n",
       "      <td>0.864122</td>\n",
       "      <td>0.624265</td>\n",
       "      <td>0.488650</td>\n",
       "      <td>0.053716</td>\n",
       "      <td>0.849127</td>\n",
       "      <td>0.660146</td>\n",
       "      <td>0.755683</td>\n",
       "      <td>0.725688</td>\n",
       "      <td>0.672401</td>\n",
       "    </tr>\n",
       "    <tr>\n",
       "      <th>GME</th>\n",
       "      <td>-0.363020</td>\n",
       "      <td>0.449900</td>\n",
       "      <td>0.743687</td>\n",
       "      <td>0.243387</td>\n",
       "      <td>1.000000</td>\n",
       "      <td>0.679288</td>\n",
       "      <td>0.428684</td>\n",
       "      <td>0.663475</td>\n",
       "      <td>0.116061</td>\n",
       "      <td>0.704470</td>\n",
       "      <td>0.801194</td>\n",
       "      <td>0.746583</td>\n",
       "      <td>0.479506</td>\n",
       "      <td>0.622224</td>\n",
       "      <td>0.438879</td>\n",
       "      <td>0.704577</td>\n",
       "      <td>0.672505</td>\n",
       "    </tr>\n",
       "    <tr>\n",
       "      <th>SPY</th>\n",
       "      <td>-0.043568</td>\n",
       "      <td>0.897570</td>\n",
       "      <td>0.950758</td>\n",
       "      <td>0.760382</td>\n",
       "      <td>0.679288</td>\n",
       "      <td>1.000000</td>\n",
       "      <td>0.792810</td>\n",
       "      <td>0.860000</td>\n",
       "      <td>0.652183</td>\n",
       "      <td>0.916591</td>\n",
       "      <td>0.906785</td>\n",
       "      <td>0.594242</td>\n",
       "      <td>0.890021</td>\n",
       "      <td>0.867217</td>\n",
       "      <td>0.823235</td>\n",
       "      <td>0.968449</td>\n",
       "      <td>0.939998</td>\n",
       "    </tr>\n",
       "    <tr>\n",
       "      <th>NFLX</th>\n",
       "      <td>0.189883</td>\n",
       "      <td>0.861139</td>\n",
       "      <td>0.715588</td>\n",
       "      <td>0.736988</td>\n",
       "      <td>0.428684</td>\n",
       "      <td>0.792810</td>\n",
       "      <td>1.000000</td>\n",
       "      <td>0.563172</td>\n",
       "      <td>0.635886</td>\n",
       "      <td>0.724582</td>\n",
       "      <td>0.628058</td>\n",
       "      <td>0.275218</td>\n",
       "      <td>0.721957</td>\n",
       "      <td>0.680743</td>\n",
       "      <td>0.742170</td>\n",
       "      <td>0.700613</td>\n",
       "      <td>0.859247</td>\n",
       "    </tr>\n",
       "    <tr>\n",
       "      <th>BA</th>\n",
       "      <td>-0.195480</td>\n",
       "      <td>0.649297</td>\n",
       "      <td>0.844313</td>\n",
       "      <td>0.492571</td>\n",
       "      <td>0.663475</td>\n",
       "      <td>0.860000</td>\n",
       "      <td>0.563172</td>\n",
       "      <td>1.000000</td>\n",
       "      <td>0.381063</td>\n",
       "      <td>0.792784</td>\n",
       "      <td>0.872979</td>\n",
       "      <td>0.732941</td>\n",
       "      <td>0.717081</td>\n",
       "      <td>0.732905</td>\n",
       "      <td>0.644235</td>\n",
       "      <td>0.824197</td>\n",
       "      <td>0.766547</td>\n",
       "    </tr>\n",
       "    <tr>\n",
       "      <th>WMT</th>\n",
       "      <td>0.335647</td>\n",
       "      <td>0.798448</td>\n",
       "      <td>0.497455</td>\n",
       "      <td>0.864122</td>\n",
       "      <td>0.116061</td>\n",
       "      <td>0.652183</td>\n",
       "      <td>0.635886</td>\n",
       "      <td>0.381063</td>\n",
       "      <td>1.000000</td>\n",
       "      <td>0.475323</td>\n",
       "      <td>0.339739</td>\n",
       "      <td>-0.137751</td>\n",
       "      <td>0.795766</td>\n",
       "      <td>0.495113</td>\n",
       "      <td>0.706721</td>\n",
       "      <td>0.620749</td>\n",
       "      <td>0.555514</td>\n",
       "    </tr>\n",
       "    <tr>\n",
       "      <th>TWTR</th>\n",
       "      <td>-0.178380</td>\n",
       "      <td>0.759015</td>\n",
       "      <td>0.924865</td>\n",
       "      <td>0.624265</td>\n",
       "      <td>0.704470</td>\n",
       "      <td>0.916591</td>\n",
       "      <td>0.724582</td>\n",
       "      <td>0.792784</td>\n",
       "      <td>0.475323</td>\n",
       "      <td>1.000000</td>\n",
       "      <td>0.907607</td>\n",
       "      <td>0.659845</td>\n",
       "      <td>0.822042</td>\n",
       "      <td>0.792185</td>\n",
       "      <td>0.690320</td>\n",
       "      <td>0.907169</td>\n",
       "      <td>0.877524</td>\n",
       "    </tr>\n",
       "    <tr>\n",
       "      <th>GS</th>\n",
       "      <td>-0.339183</td>\n",
       "      <td>0.673259</td>\n",
       "      <td>0.933780</td>\n",
       "      <td>0.488650</td>\n",
       "      <td>0.801194</td>\n",
       "      <td>0.906785</td>\n",
       "      <td>0.628058</td>\n",
       "      <td>0.872979</td>\n",
       "      <td>0.339739</td>\n",
       "      <td>0.907607</td>\n",
       "      <td>1.000000</td>\n",
       "      <td>0.849607</td>\n",
       "      <td>0.737312</td>\n",
       "      <td>0.871096</td>\n",
       "      <td>0.569592</td>\n",
       "      <td>0.887935</td>\n",
       "      <td>0.833535</td>\n",
       "    </tr>\n",
       "    <tr>\n",
       "      <th>XOM</th>\n",
       "      <td>-0.553837</td>\n",
       "      <td>0.250475</td>\n",
       "      <td>0.720093</td>\n",
       "      <td>0.053716</td>\n",
       "      <td>0.746583</td>\n",
       "      <td>0.594242</td>\n",
       "      <td>0.275218</td>\n",
       "      <td>0.732941</td>\n",
       "      <td>-0.137751</td>\n",
       "      <td>0.659845</td>\n",
       "      <td>0.849607</td>\n",
       "      <td>1.000000</td>\n",
       "      <td>0.314406</td>\n",
       "      <td>0.623536</td>\n",
       "      <td>0.206617</td>\n",
       "      <td>0.600776</td>\n",
       "      <td>0.546216</td>\n",
       "    </tr>\n",
       "    <tr>\n",
       "      <th>NKE</th>\n",
       "      <td>0.024097</td>\n",
       "      <td>0.889708</td>\n",
       "      <td>0.775796</td>\n",
       "      <td>0.849127</td>\n",
       "      <td>0.479506</td>\n",
       "      <td>0.890021</td>\n",
       "      <td>0.721957</td>\n",
       "      <td>0.717081</td>\n",
       "      <td>0.795766</td>\n",
       "      <td>0.822042</td>\n",
       "      <td>0.737312</td>\n",
       "      <td>0.314406</td>\n",
       "      <td>1.000000</td>\n",
       "      <td>0.784348</td>\n",
       "      <td>0.747755</td>\n",
       "      <td>0.851533</td>\n",
       "      <td>0.764256</td>\n",
       "    </tr>\n",
       "    <tr>\n",
       "      <th>FEYE</th>\n",
       "      <td>-0.182168</td>\n",
       "      <td>0.786079</td>\n",
       "      <td>0.816079</td>\n",
       "      <td>0.660146</td>\n",
       "      <td>0.622224</td>\n",
       "      <td>0.867217</td>\n",
       "      <td>0.680743</td>\n",
       "      <td>0.732905</td>\n",
       "      <td>0.495113</td>\n",
       "      <td>0.792185</td>\n",
       "      <td>0.871096</td>\n",
       "      <td>0.623536</td>\n",
       "      <td>0.784348</td>\n",
       "      <td>1.000000</td>\n",
       "      <td>0.561746</td>\n",
       "      <td>0.797597</td>\n",
       "      <td>0.787266</td>\n",
       "    </tr>\n",
       "    <tr>\n",
       "      <th>FB</th>\n",
       "      <td>0.306881</td>\n",
       "      <td>0.860028</td>\n",
       "      <td>0.737040</td>\n",
       "      <td>0.755683</td>\n",
       "      <td>0.438879</td>\n",
       "      <td>0.823235</td>\n",
       "      <td>0.742170</td>\n",
       "      <td>0.644235</td>\n",
       "      <td>0.706721</td>\n",
       "      <td>0.690320</td>\n",
       "      <td>0.569592</td>\n",
       "      <td>0.206617</td>\n",
       "      <td>0.747755</td>\n",
       "      <td>0.561746</td>\n",
       "      <td>1.000000</td>\n",
       "      <td>0.798100</td>\n",
       "      <td>0.830619</td>\n",
       "    </tr>\n",
       "    <tr>\n",
       "      <th>BRK-B</th>\n",
       "      <td>-0.072372</td>\n",
       "      <td>0.840687</td>\n",
       "      <td>0.925402</td>\n",
       "      <td>0.725688</td>\n",
       "      <td>0.704577</td>\n",
       "      <td>0.968449</td>\n",
       "      <td>0.700613</td>\n",
       "      <td>0.824197</td>\n",
       "      <td>0.620749</td>\n",
       "      <td>0.907169</td>\n",
       "      <td>0.887935</td>\n",
       "      <td>0.600776</td>\n",
       "      <td>0.851533</td>\n",
       "      <td>0.797597</td>\n",
       "      <td>0.798100</td>\n",
       "      <td>1.000000</td>\n",
       "      <td>0.887630</td>\n",
       "    </tr>\n",
       "    <tr>\n",
       "      <th>MSFT</th>\n",
       "      <td>0.049852</td>\n",
       "      <td>0.868948</td>\n",
       "      <td>0.925449</td>\n",
       "      <td>0.672401</td>\n",
       "      <td>0.672505</td>\n",
       "      <td>0.939998</td>\n",
       "      <td>0.859247</td>\n",
       "      <td>0.766547</td>\n",
       "      <td>0.555514</td>\n",
       "      <td>0.877524</td>\n",
       "      <td>0.833535</td>\n",
       "      <td>0.546216</td>\n",
       "      <td>0.764256</td>\n",
       "      <td>0.787266</td>\n",
       "      <td>0.830619</td>\n",
       "      <td>0.887630</td>\n",
       "      <td>1.000000</td>\n",
       "    </tr>\n",
       "  </tbody>\n",
       "</table>\n",
       "</div>"
      ],
      "text/plain": [
       "            DPZ      AAPL      GOOG       AMD       GME       SPY      NFLX  \\\n",
       "DPZ    1.000000  0.215169 -0.207343  0.265336 -0.363020 -0.043568  0.189883   \n",
       "AAPL   0.215169  1.000000  0.765563  0.918794  0.449900  0.897570  0.861139   \n",
       "GOOG  -0.207343  0.765563  1.000000  0.585081  0.743687  0.950758  0.715588   \n",
       "AMD    0.265336  0.918794  0.585081  1.000000  0.243387  0.760382  0.736988   \n",
       "GME   -0.363020  0.449900  0.743687  0.243387  1.000000  0.679288  0.428684   \n",
       "SPY   -0.043568  0.897570  0.950758  0.760382  0.679288  1.000000  0.792810   \n",
       "NFLX   0.189883  0.861139  0.715588  0.736988  0.428684  0.792810  1.000000   \n",
       "BA    -0.195480  0.649297  0.844313  0.492571  0.663475  0.860000  0.563172   \n",
       "WMT    0.335647  0.798448  0.497455  0.864122  0.116061  0.652183  0.635886   \n",
       "TWTR  -0.178380  0.759015  0.924865  0.624265  0.704470  0.916591  0.724582   \n",
       "GS    -0.339183  0.673259  0.933780  0.488650  0.801194  0.906785  0.628058   \n",
       "XOM   -0.553837  0.250475  0.720093  0.053716  0.746583  0.594242  0.275218   \n",
       "NKE    0.024097  0.889708  0.775796  0.849127  0.479506  0.890021  0.721957   \n",
       "FEYE  -0.182168  0.786079  0.816079  0.660146  0.622224  0.867217  0.680743   \n",
       "FB     0.306881  0.860028  0.737040  0.755683  0.438879  0.823235  0.742170   \n",
       "BRK-B -0.072372  0.840687  0.925402  0.725688  0.704577  0.968449  0.700613   \n",
       "MSFT   0.049852  0.868948  0.925449  0.672401  0.672505  0.939998  0.859247   \n",
       "\n",
       "             BA       WMT      TWTR        GS       XOM       NKE      FEYE  \\\n",
       "DPZ   -0.195480  0.335647 -0.178380 -0.339183 -0.553837  0.024097 -0.182168   \n",
       "AAPL   0.649297  0.798448  0.759015  0.673259  0.250475  0.889708  0.786079   \n",
       "GOOG   0.844313  0.497455  0.924865  0.933780  0.720093  0.775796  0.816079   \n",
       "AMD    0.492571  0.864122  0.624265  0.488650  0.053716  0.849127  0.660146   \n",
       "GME    0.663475  0.116061  0.704470  0.801194  0.746583  0.479506  0.622224   \n",
       "SPY    0.860000  0.652183  0.916591  0.906785  0.594242  0.890021  0.867217   \n",
       "NFLX   0.563172  0.635886  0.724582  0.628058  0.275218  0.721957  0.680743   \n",
       "BA     1.000000  0.381063  0.792784  0.872979  0.732941  0.717081  0.732905   \n",
       "WMT    0.381063  1.000000  0.475323  0.339739 -0.137751  0.795766  0.495113   \n",
       "TWTR   0.792784  0.475323  1.000000  0.907607  0.659845  0.822042  0.792185   \n",
       "GS     0.872979  0.339739  0.907607  1.000000  0.849607  0.737312  0.871096   \n",
       "XOM    0.732941 -0.137751  0.659845  0.849607  1.000000  0.314406  0.623536   \n",
       "NKE    0.717081  0.795766  0.822042  0.737312  0.314406  1.000000  0.784348   \n",
       "FEYE   0.732905  0.495113  0.792185  0.871096  0.623536  0.784348  1.000000   \n",
       "FB     0.644235  0.706721  0.690320  0.569592  0.206617  0.747755  0.561746   \n",
       "BRK-B  0.824197  0.620749  0.907169  0.887935  0.600776  0.851533  0.797597   \n",
       "MSFT   0.766547  0.555514  0.877524  0.833535  0.546216  0.764256  0.787266   \n",
       "\n",
       "             FB     BRK-B      MSFT  \n",
       "DPZ    0.306881 -0.072372  0.049852  \n",
       "AAPL   0.860028  0.840687  0.868948  \n",
       "GOOG   0.737040  0.925402  0.925449  \n",
       "AMD    0.755683  0.725688  0.672401  \n",
       "GME    0.438879  0.704577  0.672505  \n",
       "SPY    0.823235  0.968449  0.939998  \n",
       "NFLX   0.742170  0.700613  0.859247  \n",
       "BA     0.644235  0.824197  0.766547  \n",
       "WMT    0.706721  0.620749  0.555514  \n",
       "TWTR   0.690320  0.907169  0.877524  \n",
       "GS     0.569592  0.887935  0.833535  \n",
       "XOM    0.206617  0.600776  0.546216  \n",
       "NKE    0.747755  0.851533  0.764256  \n",
       "FEYE   0.561746  0.797597  0.787266  \n",
       "FB     1.000000  0.798100  0.830619  \n",
       "BRK-B  0.798100  1.000000  0.887630  \n",
       "MSFT   0.830619  0.887630  1.000000  "
      ]
     },
     "execution_count": 2,
     "metadata": {},
     "output_type": "execute_result"
    }
   ],
   "source": [
    "corr_matrix = d.corr()\n",
    "corr_matrix"
   ]
  },
  {
   "cell_type": "code",
   "execution_count": 3,
   "metadata": {},
   "outputs": [
    {
     "data": {
      "text/plain": [
       "<AxesSubplot:>"
      ]
     },
     "execution_count": 3,
     "metadata": {},
     "output_type": "execute_result"
    },
    {
     "data": {
